1.098632812500000000e-03
1.046142578125000000e-01
-2.929687500000000000e-02
-1.875000000000000000e-01
2.124023437500000000e-02
2.302246093750000000e-01
1.458740234375000000e-01
-3.649902343750000000e-02
1.882324218750000000e-01
2.325439453125000000e-01
2.141113281250000000e-01
9.167480468750000000e-02
-1.196289062500000000e-01
-3.955078125000000000e-02
2.832031250000000000e-02
7.128906250000000000e-02
1.800537109375000000e-01
1.444091796875000000e-01
5.371093750000000000e-02
-5.541992187500000000e-02
2.147216796875000000e-01
2.552490234375000000e-01
-1.972656250000000000e-01
-1.552734375000000000e-01
-3.845214843750000000e-02
2.147216796875000000e-01
2.119140625000000000e-01
3.979492187500000000e-02
1.070556640625000000e-01
6.811523437500000000e-02
4.272460937500000000e-02
-1.771240234375000000e-01
-2.305908203125000000e-01
-7.141113281250000000e-02
-2.553710937500000000e-01
-5.993652343750000000e-02
2.519531250000000000e-01
-2.304687500000000000e-01
-1.850585937500000000e-01
1.348876953125000000e-01
-2.026367187500000000e-01
1.531982421875000000e-01
-1.339111328125000000e-01
7.812500000000000000e-03
8.471679687500000000e-02
8.447265625000000000e-02
-7.421875000000000000e-02
1.228027343750000000e-01
-1.099853515625000000e-01
-1.555175781250000000e-01
2.124023437500000000e-02
-1.188964843750000000e-01
2.363281250000000000e-01
2.092285156250000000e-01
-5.126953125000000000e-03
-1.903076171875000000e-01
-1.491699218750000000e-01
-1.717529296875000000e-01
-2.078857421875000000e-01
3.393554687500000000e-02
-1.965332031250000000e-01
5.053710937500000000e-02
-7.861328125000000000e-02
9.082031250000000000e-02
-6.347656250000000000e-03
-5.407714843750000000e-02
-1.954345703125000000e-01
1.046142578125000000e-01
8.911132812500000000e-02
1.477050781250000000e-01
-1.411132812500000000e-01
-1.511230468750000000e-01
-5.187988281250000000e-02
5.627441406250000000e-02
-4.992675781250000000e-02
-1.661376953125000000e-01
-2.133789062500000000e-01
9.545898437500000000e-02
5.627441406250000000e-02
-2.407226562500000000e-01
-1.462402343750000000e-01
-1.147460937500000000e-02
2.590332031250000000e-01
7.739257812500000000e-02
-1.209716796875000000e-01
1.899414062500000000e-01
1.866455078125000000e-01
-1.744384765625000000e-01
8.178710937500000000e-03
-7.287597656250000000e-02
1.679687500000000000e-01
-1.405029296875000000e-01
-2.005615234375000000e-01
-3.198242187500000000e-02
6.604003906250000000e-02
-8.581542968750000000e-02
2.038574218750000000e-01
1.175537109375000000e-01
1.608886718750000000e-01
-4.638671875000000000e-03
4.394531250000000000e-03
